$ANSIBLE_VAULT;1.1;AES256
39343933323731623564626166316265376138616233376131616336383363613063303330343766
3134353762316236323339333736653833653334643266360a336136383438366531633833363264
62343938353063303931353536336463353666386462323136376532643963636363666365323136
3439376435393463650a626139373930356666336639396237303962336636326339656538343037
33336631323234633034623236316462353832383937316638336131326538383166323739656563
32396161653632623263396365346331303962313164346439356661383532343637623662633561
33323630323439646438346666396138333737356637633031393630376634396433323534363365
37636136333039373634656430306139623331383536663339306338633265353862346138303332
37643139383063653639313936333165366135323065303963373964313434613165373339626132
31383664353662333263376535363632623637316635363536393738653366346531356136633861
65666166376266303761393539383231623663316334373139383166616636633738363434616338
34613435336230636332396338376431303263303837623864306138393134666636373561323762
33366638396132346435376432393334376639343362633562303366313230643963626262633930
64376531396566346134383363323361303462316439373334383165626438373765356564653363
64303635373238396263376562373735323664373334363965363935346633306439343330343939
39303437643432356536616233646634646434653535343536653832323961343839613032343133
36353365383134393132396362663335633830313262646436346538666432653631666137373366
63396430373736313466636234373337656264343438643132623864346334623536366461346430
32356330653939643733666336303236353930303731396535663564666137633631356265373431
32623837613231323232383162326535303335383130393064336666373461343664663134613431
31313961653862316531396266366434316530356132636138326161623239633137366430306139
33366134386465343162353930386364303861326239313662323065356333343439326239346138
37373733356366366664393934323037666633643334343565373766643764323432346133663764
63623530363866393361303639313631656534653437616165613832613838376337386131623237
3832
