$ANSIBLE_VAULT;1.1;AES256
33313366633561363235393934613832396533343435613334363837326663333561636439336636
3536323265623933633235643166383433666236393834360a343830613039643632353663653861
62636361646637623334623830353365653263343563646535636234306637393366393833313433
3364363437393861630a313031383934383263613862303237623666316466363866653763613362
39633633313332333361653435663130316264336631323165613532303238613262343364346232
62646331356631666330336237656335316362636535326430303433666631323938333633383566
36326361626231383337663862653838323630366361383130363162373036346236366465366464
38633236373665613965306536613234323732323834383031363530643931356233393131353439
61373735633330646565623234663766373565626137636165383234333464376262633130333761
64306536626439666432636531653137343433343634303864653836663966303638333166313165
61323965636561393034636163373639326334393631666133623832623530306136343865646339
65363762643731303034646565316565643864663238666362353837623832326135396131363431
64663132323066316432303831313066653461666165666334636238616235363637336162366665
33306338343534343236633931353663303761656435623739666365373364613034303465396163
31336262343061616434653930333537353564346534663134306463396635373730356335326564
62623931663431303933323263656131323563646430393063623436353232343232333766326630
63653666643631343631346136303531323134376462363661306565326532363235363865613038
61646264633833663561336363633464633361336437666139626536646263333032653563323565
38383237333062356565616333356639396364653137343666386664336236623731643436656239
30343737643835373734393839356634666532376635353362626532663665386531313839633232
32616234616531633839623836363665356665353133613264626363373238616634373232393537
35353836316638636433373038323366666433333265636232346463373137623264333765633536
37376564633330366164383934663631383731343736656236323530333333303437383334303064
37333534633236336362373136396233333935616139633338316230656565313735666632373730
61316361326266623661653134383662633465663738653861383162613932393531326465373932
64613333396265363166313530376332663362373537623234666638393136313538326533363266
61623034623232613738366636343336366363333864313966353730393264616430363936623331
64653837666539303434
